rot:
  max: 149.46299823400025
  mean: 127.0341362824884
  median: 136.90400694221825
  min: 46.42853154185719
  num_samples: 3507
  rmse: 129.3484233291529
  std: 24.358629614572052
scale:
  max: 3.502027115028805
  mean: 0.81532548857048
  median: 0.6878876427075853
  min: 0.000712581571993276
  num_samples: 3507
  rmse: 1.0629285034626197
  std: 0.6819540682191084
trans:
  max: 0.1618298229804815
  mean: 0.0747128725812545
  median: 0.07218283782659844
  min: 0.007775480875620892
  num_samples: 3507
  rmse: 0.07965246634507685
  std: 0.02761343994345562
